  Date          MBBY      MBFL      MBFR      MBGB      MBGH      MBHA      MBLG      MBLY      MBWH      MSS1
  20210714      0.00    100.00      0.00      0.00    100.00      0.00      0.00     99.99      0.00    100.00
  20210713      0.00    100.00      0.00      0.00    100.00      0.00      0.00     99.99      0.00    100.00
  20210712      0.00    100.00      0.00      0.00     99.99      0.00      0.00     99.99      0.00     99.98
  20210711      0.00     99.99      0.00      0.00    100.00      0.00      0.00    100.00      0.00     99.99
  20210710      0.00    100.00      0.00      0.00    100.00      0.00      0.00    100.00      0.00     99.99
  20210709      0.00     99.99      0.00      0.00     99.99      0.00      0.00     99.99      0.00    100.00
  20210708      0.00    100.00      0.00      0.00    100.00      0.00      0.00     99.99      0.00    100.00
  20210707      0.00     99.86      0.00      0.00     99.86      0.00      0.00     99.86      0.00     99.86
  20210706      0.00    100.00      0.00      0.00     99.99      0.00      0.00     99.99      0.00     99.95
  20210705      0.00    100.00      0.00      0.00     99.99      0.00      0.00     99.99      0.00     99.99
  20210704      0.00    100.00      0.00      0.00    100.00      0.00      0.00    100.00      0.00    100.00
  20210703      0.00     96.84      0.00      0.00     99.02      0.00      0.00     95.85      0.00     93.08
  20210702      0.00     96.37      0.00      0.00     95.94      0.00      0.00     95.23      0.00     92.45
  20210701      0.00     99.99      0.00      0.00     99.99      0.00      0.00    100.00      0.00     99.99
  20210630      0.00     99.86      0.00      0.00     99.86      0.00      0.00     99.86      0.00     99.86
  20210629      0.00     99.99      0.00      0.00    100.00      0.00      0.00     73.36      0.00    100.00
  20210628      0.00     99.99      0.00      0.00     99.98      0.00      0.00     63.66      0.00     99.98
  20210627      0.00    100.00      0.00      0.00     99.99      0.00      0.00     99.99      0.00     99.99
  20210626      0.00    100.00      0.00      0.00    100.00      0.00      0.00    100.00      0.00     99.99
  20210625      0.00     99.99      0.00      0.00     99.99      0.00      0.00     99.99      0.00     99.98
  20210624      0.00    100.00      0.00      0.00     99.99      0.00      0.00    100.00      0.00     99.99
  20210623      0.00    100.00      0.00      0.00     99.99      0.00      0.00    100.00      0.00     99.99
  20210622      0.00      0.00      0.00      0.00     99.98      0.00      0.00     99.66      0.00     99.99
  20210621      0.00     99.80      0.00      0.00     99.75      0.00      0.00     99.80      0.00     98.55
  20210620      0.00     99.99      0.00      0.00     99.99      0.00      0.00    100.00      0.00     99.99
  20210619      0.00    100.00      0.00      0.00    100.00      0.00      0.00    100.00      0.00    100.00
  20210618      0.00     74.87      0.00      0.00     75.63      0.00      0.00     72.26      0.00     99.48
  20210617      0.00     68.58      0.00      0.00     67.72      0.00      0.00     68.58      0.00     95.20
  20210616      0.00     90.19      0.00      0.00     93.21      0.00      0.00     90.23      0.00     86.88
  20210615      0.00     98.32      0.00      0.00     96.08      0.00      0.00     97.43      0.00     93.03
  20210614      0.00    100.00      0.00      0.00     99.99      0.00      0.00     99.99      0.00     99.99
  20210613      0.00     99.99      0.00      0.00     99.99      0.00      0.00    100.00      0.00     99.99
  20210612      0.00    100.00      0.00      0.00     99.99      0.00      0.00     99.99      0.00     99.99
  20210611      0.00    100.00      0.00      0.00     99.62      0.00      0.00    100.00      0.00    100.00
  20210610      0.00     99.99      0.00      0.00    100.00      0.00      0.00     99.99      0.00     97.64
  20210609      0.00     99.98      0.00     43.38     99.99      0.00      0.00     99.97      0.00     99.98
  20210608      0.00    100.00      0.00     99.85    100.00      0.00      0.00     99.98      0.00    100.00
  20210607      0.00     99.99      0.00     99.89     99.99      0.00      0.00     99.99      0.00     99.98
  20210606      0.00    100.00      0.00     83.33     99.99      0.00      0.00    100.00      0.00     99.99
  20210605      0.00     99.99      0.00     64.56     99.99      0.00      0.00     99.98      0.00     99.99
  20210604      0.00     99.99      0.00     99.69     99.99      0.00      0.00    100.00      0.00     99.95
  20210603      0.00     99.99      0.00     99.55     99.99      0.00      0.00     99.98      0.00     99.98
  20210602      0.00    100.00      0.00     99.76    100.00      0.00      0.00     99.99      0.00     99.98
  20210601      0.00    100.00      0.00     99.89     99.99      0.00      0.00     99.99      0.00     99.98
  20210531      0.00    100.00      0.00     99.25     99.99      0.00      0.00     99.99      0.00     99.95
  20210530      0.00     99.99      0.00     99.87     99.99     85.75      0.00     99.72     83.51     99.98
  20210529      0.00     99.99      0.00     99.87     99.99     85.75      0.00     99.72     83.51     99.98
  20210528      0.00     99.99      0.00     99.89    100.00     98.91      0.00     99.98     99.96     99.97
  20210527      0.00    100.00      0.00     99.83     99.99     99.98      0.00     99.98     99.97     99.97
  20210526      0.00     99.99      0.00     99.73    100.00     99.33      0.00     99.98     99.97     99.97
  20210525      0.00     99.99      0.00     99.84     99.98     99.18      0.00     99.98     99.97     99.97
  20210524      0.00     99.98      0.00     99.90     99.96     99.96      0.00     99.97     99.97     99.96
  20210523      0.00     99.99      0.00     93.27     99.99     98.94      0.00     99.98     99.97     99.99
  20210522      0.00    100.00      0.00     99.89     99.99     99.98      0.00     99.86     99.98     99.98
  20210521      0.00     99.98      0.00     99.74     99.97     99.84      0.00     99.97     99.92     99.92
  20210520      0.00    100.00      0.00     99.89     99.99     99.98      0.00     99.98     99.98     99.97
  20210519      0.00    100.00      0.00     84.18     99.99     99.98      0.00     99.99     99.98     99.92
  20210518      0.00    100.00      0.00     99.88     99.99     99.98      0.00     99.99     99.98     99.98
  20210517      0.00    100.00      0.00     99.86    100.00     99.95      0.00     99.98     99.94     99.96
  20210516      0.00    100.00      0.00     83.33     99.99     99.97      0.00     99.98     99.97     99.40
  20210515      0.00    100.00      0.00     63.08     99.99     99.76      0.00     99.97     99.96     99.83
  20210514      0.00    100.00      0.00     99.85     99.99     99.98      0.00     99.98     99.97     99.99
  20210513      0.00     99.99      0.00     99.84     99.99     99.95      0.00     99.99     99.95     99.95
  20210512      0.00    100.00      0.00     99.68     99.98     99.97      0.00     99.97     99.96     99.99
  20210511      0.00    100.00      0.00     99.83     99.99     99.97      0.00     99.98     99.97     99.98
  20210510      0.00    100.00      0.00     99.88     99.99     99.83      0.00     99.99     99.97     99.97
  20210509      0.00     99.99      0.00     99.87     99.99     99.98      0.00     99.98     99.98     99.99
  20210508      0.00     99.99      0.00     99.88     99.99     99.99      0.00     99.98     99.98     99.98
  20210507     54.90     99.99      0.00     43.67    100.00     43.69      0.00     99.98     43.69     99.95
  20210506      0.00    100.00      0.00     82.02     99.99     82.11      0.00     99.99     82.11     99.45
  20210505      0.00    100.00      0.00     83.17     99.99     99.97      0.00     99.98     99.97     99.99
  20210504     65.28     99.99      0.00     86.23    100.00     99.94      0.00     99.98     99.93     99.94
  20210503     99.99     99.98      0.00     99.84     95.28     99.97      0.00     99.97     99.96     99.96
  20210502     99.99     99.98      0.00     99.84     95.28     99.97      0.00     99.97     99.96     99.96
  20210501     99.99     99.99      0.00     99.86     99.98     99.99      0.00    100.00     99.96     99.97
  20210430     99.99     99.99      0.00     99.66     99.98     99.46      0.00     99.98     99.97     99.97
  20210429    100.00     99.99      0.00     99.87     99.98     99.99      0.00     99.99     99.99     99.98
  20210428     99.99    100.00      0.00     99.52     76.47     99.94      0.00     99.99     99.94     99.94
  20210427     99.99     99.99      0.00     99.88     99.13     99.96      0.00     99.97     99.96     99.96
  20210426    100.00     99.99      0.00     68.86    100.00     99.68      0.00     99.97     99.97     99.97
  20210425    100.00     99.99      0.00     48.12     99.99     99.99      0.00     99.98     99.97     99.98
  20210424    100.00     99.99      0.00     51.03     99.99     99.98      0.00     99.98     99.97     99.99
  20210423     99.99     99.99      0.00     48.42     99.99     42.19      0.00     99.98     99.98     99.98
  20210422     99.99    100.00      0.00     47.85     99.99      0.00      0.00     99.99     99.98     99.98
  20210421    100.00     99.99      0.00     39.71     99.99     96.92      0.00     99.99     99.94     93.80
  20210420    100.00     99.99      0.00     45.37     99.98     99.90      0.00     99.98     99.97     99.94
  20210419    100.00     99.99      0.00     44.92     99.99     52.37      0.00     99.99     99.99     99.98
  20210418     99.99    100.00      0.00     44.92     99.99     52.37      0.00     99.99     99.99     99.98
  20210417    100.00    100.00      0.00     42.54    100.00     64.31      0.00    100.00     99.99    100.00
  20210416    100.00     99.99      0.00     40.30     99.99     99.57      0.00     99.98     99.94     99.94
  20210415    100.00     99.99      0.00     39.21     99.99     98.97      0.00     99.98     99.96     99.97
  20210414    100.00     99.99      0.00     40.17     99.99     99.99      0.00    100.00     99.99     99.99
  20210413    100.00     99.99      0.00     42.29    100.00     99.95      0.00     99.98     99.94     99.96
  20210412    100.00     99.99      0.00     44.97     99.99     99.98      0.00     99.98     99.97     99.98
  20210411     99.99     99.99      0.00     47.07     99.99     99.98      0.00     99.99     99.98     99.98
  20210410    100.00     99.99      0.00     44.85     99.98     99.97      0.00     99.98     99.99     99.97
  20210409     99.99     99.99      0.00     42.31     99.99     99.93      0.00     99.98     99.93     99.96
  20210408     99.99     99.99      0.00     51.24    100.00     99.98      0.00     99.98     99.97     99.96
  20210407    100.00     99.99      0.00     47.89    100.00     99.98      0.00     99.98     99.97     99.96
  20210406     99.99    100.00      0.00     44.61     99.99     99.78      0.00     99.99     99.94     99.94
  20210405    100.00     99.99      0.00     44.62     99.98     99.74      0.00     99.98     99.97     99.97
  20210404    100.00     99.99      0.00     44.62     99.98     99.74      0.00     99.98     99.97     99.97
  20210403     99.99     99.98      0.00     46.59     99.97     99.85      0.00     99.97     99.96     99.96
  20210402     99.99     99.99      0.00     42.95     99.98     99.34      0.00     99.98     99.97     99.97
  20210401     99.99     99.99      0.00     49.47     99.99     99.91      0.00     99.97     99.92     99.93
  20210331     99.99     99.99      0.00     47.06     99.98     99.97      0.00     99.97     99.96     99.96
  20210330     99.99     99.98      0.00     49.23     99.98     99.94      0.00     99.97     99.97     99.96
  20210329     99.99     99.98      0.00     45.76     99.97     99.81      0.00     99.97     99.96     99.96
  20210328    100.00     99.99      0.00     34.38     99.98     96.78      0.00     99.98     99.97     99.97
  20210327     99.97     99.97      0.00     43.97     99.95     99.71      0.00     99.96     99.96     99.89
  20210326    100.00     99.99      0.00     42.02     99.98     99.51      0.00     99.98     99.98     99.97
  20210325    100.00     99.99      0.00     43.27     99.98     99.98      0.00     99.98     99.97     99.97
  20210324    100.00     99.99      0.00     44.97     99.98     99.97      0.00     99.98     99.97     99.97
  20210323     99.98     99.98      0.00     37.52     99.98     98.91      0.00     99.97     99.97     99.98
  20210322     99.99     99.98      0.00     44.89     99.98     97.99      0.00     99.97     99.96     99.98
  20210321    100.00     99.99      0.00     46.36     99.98     99.95      0.00     99.98     99.98     99.97
  20210320    100.00     99.99      0.00     41.79     99.98     97.77      0.00     99.98     99.97     99.97
  20210319     99.99     99.98      0.00     44.95     99.98     99.99      0.00     99.97     99.96     99.98
  20210318     99.98     99.98      0.00     35.95     99.97     99.99      0.00    100.00     99.95     99.97
  20210317     99.99     99.99      0.00     38.13     99.98     99.97      0.00     99.97     99.96     99.97
  20210316    100.00     99.99      0.00     41.80     99.98     99.10      0.00     99.98     99.97     99.86
  20210315     99.99     99.99      0.00     44.22     99.98     99.99      0.00     70.79     99.97     99.98
  20210314    100.00     99.99      0.00     44.25     99.99     99.98      0.00      0.00     99.97     99.98
  20210313     99.99     99.99      0.00     38.83     99.98     99.97      0.00     90.87     99.97     99.97
  20210312     99.99     99.98      0.00     40.95     99.99     99.97      0.00     99.64     99.96    100.00
  20210311     99.98     99.97      0.00     20.03    100.00     47.66      0.00     99.97     99.68     99.90
  20210310     99.88     99.86      0.00      0.00     99.42     20.60      0.00     98.81     50.14     99.13
  20210309     99.25     99.99      0.00     56.89     99.90     99.96      0.00     99.02     99.65     99.94
  20210308     99.34     99.32      0.00     68.08     99.85     99.16      0.00     99.39     99.45     99.26
  20210307    100.00     99.99      0.00     83.59     99.97     99.97      0.00     99.96     99.95     98.07
  20210306     99.76     99.98      0.00     99.74     99.97     99.96      0.00     99.97     99.21     99.12
  20210305     99.76     99.98      0.00     99.74     99.97     99.96      0.00     99.97     99.21     99.12
  20210304     96.21     96.09      0.00     88.74     93.66     95.69      0.00     93.35     93.56     89.22
  20210303     98.15     98.10      0.00     47.98     96.17     97.61      0.00     98.39     96.38     95.53
  20210302     98.62     98.60      0.00     75.58     99.73     98.55      0.00     98.72     98.89     98.46
  20210301     99.99     99.99      0.00     99.81     99.97     99.92      0.00     99.90     99.92     99.91
  20210228     99.98     99.98      0.00     99.73     99.96     99.92      0.00     99.96     99.71     96.12
  20210227     99.99     99.98      0.00     99.48     99.91     99.78      0.00     99.97     98.95     99.65
  20210226     99.98     99.98      0.00     99.83     99.92     99.90      0.00     99.82     99.78     98.40
  20210225     99.99     99.99      0.00     99.18     99.97     99.96      0.00     99.98     99.77     95.56
  20210224     99.99     99.99      0.00     99.18     99.97     99.96      0.00     99.98     99.77     95.56
  20210223     99.51     99.48      0.00     98.42     98.87     99.36      0.00     99.65     99.75     99.28
  20210222    100.00     99.99      0.00     48.28     99.92     99.93      0.00     99.98     99.98     99.97
  20210221    100.00     99.99      0.00     48.28     99.92     99.93      0.00     99.98     99.98     99.97
